# Automatic generated file V2.1
# nbClasses = 4 pIntra 0.800 pExtra 0.010
# predicted classes:
# [1, 4, 7, 16, 17, 20, 23]
# [0, 2, 5, 9, 11, 12]
# [3, 10, 13, 18, 19, 21]
# [6, 8, 14, 15, 22, 24]
# nbVertices nbEdges
25 57
# dmin dmax
4 6
# src but weight
1 7 1.000
1 16 0.800
1 17 0.700
1 20 0.700
1 23 0.600
4 7 0.600
4 16 0.700
4 17 0.500
4 20 0.500
0 4 0.200
4 6 0.050
7 17 0.700
7 20 0.700
7 23 0.900
16 17 0.700
16 20 0.500
16 23 1.000
17 23 0.800
20 23 0.900
0 5 0.500
0 9 0.800
0 11 0.500
0 12 0.900
0 3 0.150
2 5 1.000
2 9 0.900
2 11 0.700
2 12 0.900
5 11 0.600
5 12 1.000
9 11 0.500
9 12 0.500
3 13 1.000
3 18 0.600
3 19 0.700
3 21 0.500
3 6 0.100
10 13 0.500
10 18 0.800
10 19 0.700
10 21 0.800
13 19 1.000
13 21 0.700
18 19 0.600
18 21 0.700
6 14 0.700
6 15 0.600
6 22 1.000
6 24 0.700
8 14 1.000
8 15 1.000
8 22 1.000
8 24 0.500
14 22 0.900
14 24 1.000
15 22 0.600
15 24 0.900
# vertex degree
0 6
1 5
2 4
3 6
4 6
5 4
6 6
7 5
8 4
9 4
10 4
11 4
12 4
13 4
14 4
15 4
16 5
17 5
18 4
19 4
20 5
21 4
22 4
23 5
24 4
